 1.00000000e+00  3.14159244e+00 
 1.25892541e+00  3.14159238e+00 
 1.58489319e+00  3.14159231e+00 
 1.99526231e+00  3.14159222e+00 
 2.51188643e+00  3.14159211e+00 
 3.16227766e+00  3.14159197e+00 
 3.98107171e+00  3.14159179e+00 
 5.01187234e+00  3.14159157e+00 
 6.30957344e+00  3.14159129e+00 
 7.94328235e+00  3.14159093e+00 
 1.00000000e+01  3.14159049e+00 
 1.25892541e+01  3.14158993e+00 
 1.58489319e+01  3.14158922e+00 
 1.99526231e+01  3.14158834e+00 
 2.51188643e+01  3.14158722e+00 
 3.16227766e+01  3.14158581e+00 
 3.98107171e+01  3.14158404e+00 
 5.01187234e+01  3.14158181e+00 
 6.30957344e+01  3.14157900e+00 
 7.94328235e+01  3.14157546e+00 
 1.00000000e+02  3.14157101e+00 
 1.25892541e+02  3.14156541e+00 
 1.58489319e+02  3.14155836e+00 
 1.99526231e+02  3.14154948e+00 
 2.51188643e+02  3.14153830e+00 
 3.16227766e+02  3.14152422e+00 
 3.98107171e+02  3.14150650e+00 
 5.01187234e+02  3.14148420e+00 
 6.30957344e+02  3.14145612e+00 
 7.94328235e+02  3.14142076e+00 
 1.00000000e+03  3.14137625e+00 
 1.25892541e+03  3.14132022e+00 
 1.58489319e+03  3.14124968e+00 
 1.99526231e+03  3.14116088e+00 
 2.51188643e+03  3.14104908e+00 
 3.16227766e+03  3.14090834e+00 
 3.98107171e+03  3.14073115e+00 
 5.01187234e+03  3.14050809e+00 
 6.30957344e+03  3.14022727e+00 
 7.94328235e+03  3.13987374e+00 
 1.00000000e+04  3.13942867e+00 
 1.25892541e+04  3.13886836e+00 
 1.58489319e+04  3.13816298e+00 
 1.99526231e+04  3.13727496e+00 
 2.51188643e+04  3.13615702e+00 
 3.16227766e+04  3.13474963e+00 
 3.98107171e+04  3.13297788e+00 
 5.01187234e+04  3.13074745e+00 
 6.30957344e+04  3.12793966e+00 
 7.94328235e+04  3.12440518e+00 
 1.00000000e+05  3.11995614e+00 
 1.25892541e+05  3.11435638e+00 
 1.58489319e+05  3.10730915e+00 
 1.99526231e+05  3.09844213e+00 
 2.51188643e+05  3.08728898e+00 
 3.16227766e+05  3.07326747e+00 
 3.98107171e+05  3.05565413e+00 
 5.01187234e+05  3.03355701e+00 
 6.30957344e+05  3.00589016e+00 
 7.94328235e+05  2.97135817e+00 
 1.00000000e+06  2.92846737e+00 
 1.25892541e+06  2.87559298e+00 
 1.58489319e+06  2.81114840e+00 
 1.99526231e+06  2.73391168e+00 
 2.51188643e+06  2.64353906e+00 
 3.16227766e+06  2.54118893e+00 
 3.98107171e+06  2.42998336e+00 
 5.01187234e+06  2.31488800e+00 
 6.30957344e+06  2.20177848e+00 
 7.94328235e+06  2.09602655e+00 
 1.00000000e+07  2.00135473e+00 
 1.25892541e+07  1.91946965e+00 
 1.58489319e+07  1.85038917e+00 
 1.99526231e+07  1.79305398e+00 
 2.51188643e+07  1.74588848e+00 
 3.16227766e+07  1.70718127e+00 
 3.98107171e+07  1.67529282e+00 
 5.01187234e+07  1.64874337e+00 
 6.30957344e+07  1.62623093e+00 
 7.94328235e+07  1.60661375e+00 
 1.00000000e+08  1.58887661e+00 
 1.25892541e+08  1.57209104e+00 
 1.58489319e+08  1.55537367e+00 
 1.99526231e+08  1.53784440e+00 
 2.51188643e+08  1.51858453e+00 
 3.16227766e+08  1.49659507e+00 
 3.98107171e+08  1.47075644e+00 
 5.01187234e+08  1.43979333e+00 
 6.30957344e+08  1.40225367e+00 
 7.94328235e+08  1.35651923e+00 
 1.00000000e+09  1.30087964e+00 
 1.25892541e+09  1.23371754e+00 
 1.58489319e+09  1.15385953e+00 
 1.99526231e+09  1.06111260e+00 
 2.51188643e+09  9.56884717e-01 
 3.16227766e+09  8.44585139e-01 
 3.98107171e+09  7.29385539e-01 
 5.01187234e+09  6.17177261e-01 
 6.30957344e+09  5.13147715e-01 
 7.94328235e+09  4.20733455e-01 
 1.00000000e+10  3.41376784e-01 
